364 215 387 237
374 216 395 237
10 308 29 327
372 217 392 238
369 217 389 238
369 217 390 239
0 308 8 331
368 218 389 239
368 218 389 240
368 218 389 240
368 219 389 241
368 219 389 242
367 220 388 242
367 221 388 243
368 222 389 243
368 222 388 244
368 222 389 244
368 223 389 244
368 223 388 245
368 223 388 245
369 224 390 245
380 224 403 246
392 225 414 246
403 225 426 246
415 225 438 247
427 226 449 247
438 226 461 247
450 226 472 247
461 226 484 249
46 207 89 239
470 227 492 248
52 207 102 240
467 226 489 248
52 205 109 240
466 227 487 249
58 205 117 240
466 228 487 249
238 216 256 236
466 228 487 250
72 207 125 239
465 228 487 250
78 207 132 239
85 208 138 239
465 228 487 250
89 207 147 240
465 228 486 251
100 208 153 239
464 229 486 251
107 210 158 240
465 230 485 252
117 210 167 240
465 231 486 252
128 209 175 240
465 231 485 252
465 231 486 253
465 232 485 253
465 233 485 254
465 233 485 254
164 212 204 243
172 213 209 244
465 233 485 254
465 234 485 254
189 213 226 241
465 234 485 255
465 235 485 256
465 235 485 256
465 234 485 255
223 211 256 238
465 235 486 256
465 235 485 256
464 235 485 256
224 206 256 234
464 236 485 257
465 236 485 256
231 206 259 231
465 236 486 257
465 236 486 257
465 236 486 258
465 236 486 258
465 236 486 258
465 237 486 258
466 237 485 258
465 238 485 259
465 238 486 259
303 202 343 232
465 238 485 259
310 201 347 231
465 238 485 259
465 239 485 259
465 239 485 260
466 239 485 260
465 240 486 260
37 242 56 264
466 240 486 260
466 240 486 261
466 240 486 261
466 240 486 261
466 241 486 261
466 241 486 261
466 241 487 262
466 241 486 262
0 238 16 258
466 241 486 262
0 237 12 259
466 241 487 262
466 241 487 263
466 241 487 263
467 242 488 263
467 242 488 263
467 243 488 263
468 244 487 263
468 244 487 263
461 244 482 264
447 244 469 265
432 244 456 266
427 245 447 265
430 245 451 266
435 245 455 266
434 245 455 267
430 246 451 267
429 246 450 267
432 246 453 267
433 246 454 268
432 247 454 268
432 247 452 268
432 247 452 268
433 247 453 268
433 247 453 268
433 247 453 268
433 247 453 268
433 247 453 269
433 247 453 269
433 248 453 269
433 248 453 269
512 320 536 342
433 248 453 269
433 248 453 269
433 248 453 269
433 248 453 270
433 249 453 269
433 249 453 269
433 249 453 269
433 249 453 270
433 249 453 270
434 249 453 270
434 249 453 270
434 249 454 270
434 249 453 270
434 250 453 270
434 250 454 270
434 250 454 271
434 250 454 270
434 249 455 271
434 250 455 271
434 250 455 272
434 250 455 272
435 250 455 271
435 250 455 271
435 250 455 271
435 250 455 271
435 250 455 271
435 250 455 271
435 250 456 271
436 250 456 271
435 250 455 271
436 251 456 271
436 250 456 271
436 250 456 271
436 250 456 271
436 250 457 271
436 250 457 271
436 250 456 272
436 251 456 272
436 250 457 272
436 250 456 272
436 251 456 272
436 251 456 272
436 251 456 272
436 251 456 272
436 251 456 271
437 251 456 272
436 251 456 272
436 251 456 272
437 251 457 272
437 251 457 272
437 252 457 272
437 252 457 272
437 252 457 272
437 251 457 272
437 251 456 271
437 251 456 271
115 59 127 74
437 251 456 271
437 252 456 272
437 252 456 272
436 251 456 273
437 252 456 272
437 252 456 271
437 252 456 272
437 252 456 272
437 252 456 272
437 252 456 273
437 252 456 273
436 252 456 273
436 252 456 273
437 252 456 273
437 252 456 273
436 252 456 273
436 252 456 273
436 252 456 273
436 252 456 273
436 252 456 273
435 251 456 273
436 252 456 273
436 252 456 273
436 252 456 273
436 252 456 273
436 252 456 273
437 252 456 273
437 252 456 273
437 252 456 272
437 252 456 272
437 252 456 272
437 252 456 272
437 252 456 272
437 252 456 272
437 252 456 272
437 252 456 271
437 252 456 271
437 252 456 271
437 252 456 271
438 252 456 271
438 252 456 271
438 252 456 271
437 252 456 271
437 252 456 271
437 251 456 271
437 251 457 270
437 251 456 270
272 192 315 225
437 251 457 270
437 251 457 271
437 251 457 271
437 250 457 270
437 251 457 270
438 251 456 270
438 251 456 270
437 250 457 270
437 250 457 270
437 250 457 270
437 250 457 270
437 250 457 269
438 249 457 269
437 249 457 269
437 248 457 269
437 248 457 269
437 249 457 269
437 248 456 269
437 248 456 269
437 248 456 269
437 248 456 268
437 248 456 268
437 248 457 268
437 248 456 268
437 248 456 268
437 248 456 268
437 248 456 268
437 248 456 267
70 202 108 233
437 248 456 267
62 202 99 234
437 247 456 268
54 201 92 234
437 247 456 268
437 247 456 268
437 247 456 267
437 247 456 267
25 205 62 236
437 247 456 267
18 205 56 240
437 247 456 267
10 206 46 238
436 246 456 266
2 207 33 237
436 246 455 266
0 209 27 238
436 246 455 266
436 246 455 266
436 246 456 266
436 245 456 265
436 245 456 265
436 245 456 265
436 245 455 264
436 245 456 264
437 245 456 264
437 244 455 264
437 244 455 263
436 244 456 264
437 244 456 263
436 244 456 264
437 244 456 264
437 244 456 264
436 244 456 264
436 244 456 264
437 245 456 264
438 244 456 264
437 244 456 264
436 244 456 264
436 244 456 264
435 244 456 265
436 244 456 264
437 244 456 264
437 244 456 264
436 244 456 264
436 243 456 264
436 243 456 264
436 243 456 264
436 243 456 264
436 243 456 264
436 243 456 264
436 244 456 263
436 244 455 263
436 244 456 264
436 243 456 264
436 243 456 263
436 243 455 264
436 243 455 264
436 244 455 264
437 244 456 264
436 244 456 264
436 244 456 264
436 244 455 264
437 244 456 264
437 244 456 264
437 244 456 265
437 244 456 264
437 244 456 264
437 245 457 265
437 245 457 265
437 245 457 266
437 245 456 265
437 245 456 265
437 245 456 265
436 245 456 265
436 245 456 265
436 245 456 265
437 245 456 265
437 245 456 265
437 245 456 265
436 245 456 265
436 245 456 266
436 245 455 265
437 245 456 266
437 245 456 266
437 245 456 266
437 245 456 266
437 245 456 266
437 246 457 266
438 246 457 266
437 246 457 267
437 246 457 267
0 240 8 260
438 246 457 267
0 241 15 259
438 247 457 267
438 247 457 267
438 247 457 267
438 247 457 267
438 247 457 267
438 247 457 267
438 247 457 267
438 247 457 267
438 247 457 267
438 247 457 267
438 247 457 267
438 247 457 267
438 247 457 268
438 247 457 267
61 252 79 270
438 247 458 268
67 253 85 272
438 247 458 268
72 254 90 272
438 248 458 268
76 254 95 274
438 247 458 268
83 257 99 275
438 247 458 268
438 248 458 268
438 248 458 268
438 248 458 269
438 249 458 269
438 250 457 269
438 250 457 269
439 250 457 269
439 250 458 269
439 250 458 269
438 250 457 269
438 250 457 270
438 250 457 270
438 250 458 270
438 250 458 270
438 250 457 270
437 250 457 270
437 250 457 270
438 250 458 270
438 250 457 270
438 251 457 270
438 251 457 270
437 251 456 270
437 250 456 270
437 250 457 270
437 250 457 270
438 251 456 270
437 250 456 270
437 251 456 270
437 251 455 270
215 251 236 272
436 250 455 270
333 353 354 374
216 251 239 275
436 251 454 270
436 251 454 269
436 251 454 269
435 251 453 270
223 250 247 274
435 251 453 270
435 251 453 271
241 255 259 273
434 251 453 271
433 251 452 271
433 251 452 270
433 251 451 270
432 251 451 271
432 251 450 271
431 251 450 271
430 251 449 271
430 251 449 271
430 251 448 271
429 251 447 271
427 251 446 272
425 251 446 273
422 251 445 274
423 251 444 273
422 251 443 273
419 252 442 275
420 251 442 274
418 250 441 274
332 353 355 376
419 251 441 273
418 251 440 273
331 353 354 375
418 251 439 273
418 251 438 274
417 251 437 274
416 252 436 274
415 252 435 274
414 252 434 274
413 252 433 274
413 253 433 276
412 253 432 277
410 253 430 277
408 252 430 277
406 252 430 277
406 253 429 277
406 253 429 278
404 256 426 278
403 257 423 278
402 257 421 277
400 257 420 278
399 257 419 278
398 258 417 277
397 258 416 278
396 258 415 278
395 258 414 279
393 258 413 279
391 259 411 280
390 259 410 280
389 260 408 281
386 259 407 281
384 259 406 282
383 260 404 283
382 261 402 283
381 261 401 283
378 262 399 283
376 262 397 284
375 262 396 285
373 262 394 284
371 263 392 285
370 263 391 285
368 263 389 285
367 264 387 286
365 264 386 286
364 265 385 287
364 266 385 288
427 215 445 234
372 265 397 288
384 266 407 289
389 267 409 289
383 267 404 289
381 268 401 289
380 267 401 289
378 268 398 289
377 268 396 289
375 269 395 289
373 269 393 290
372 269 391 290
370 270 389 289
368 271 387 290
366 271 386 291
365 271 385 291
363 271 383 291
362 272 381 292
360 272 379 292
358 273 376 292
356 273 375 292
354 273 373 293
353 273 372 293
351 274 371 294
350 275 368 295
348 275 367 295
346 275 365 295
344 275 363 296
342 275 362 296
340 275 360 296
338 275 358 296
336 275 357 297
335 275 355 296
333 275 353 296
331 275 352 297
328 274 351 297
327 274 349 297
325 274 346 296
323 273 345 297
321 273 343 297
631 228 640 247
319 274 341 297
630 227 640 244
318 273 339 297
631 227 640 245
316 274 337 297
314 274 335 297
312 274 334 298
310 274 332 298
308 274 329 297
306 274 328 297
304 274 326 297
303 274 324 295
301 273 323 296
300 274 321 296
298 273 319 296
295 273 317 297
293 272 315 296
292 272 313 295
290 272 312 295
288 272 309 295
286 272 308 295
284 272 306 294
282 271 304 294
280 271 302 294
278 271 300 293
277 270 299 293
275 270 297 292
273 270 295 292
271 269 292 291
269 268 291 291
267 268 289 290
264 268 286 291
262 267 284 290
260 267 282 290
258 266 280 290
255 267 278 290
252 267 276 290
251 267 274 289
249 267 272 288
246 266 271 288
243 264 269 287
243 264 267 287
241 265 264 287
240 265 263 287
238 265 262 288
236 264 259 287
233 264 255 287
231 265 252 286
229 265 249 286
226 264 247 286
223 264 244 286
220 264 242 286
218 263 240 286
216 263 237 285
215 263 236 285
221 262 245 286
231 261 255 285
235 261 258 284
230 260 252 283
226 260 248 283
224 260 246 283
221 260 243 283
220 259 241 282
216 259 238 282
214 259 235 282
211 259 233 282
210 259 231 282
208 259 229 281
205 259 227 281
202 258 225 280
200 257 222 280
198 258 219 279
196 257 217 279
198 256 222 280
208 255 232 280
217 254 241 279
219 255 241 277
213 254 235 277
210 254 232 277
208 254 230 276
205 254 227 276
202 253 224 276
199 253 221 275
0 287 8 310
197 252 218 275
195 252 216 275
199 251 224 275
209 250 234 274
218 249 242 274
226 249 249 273
223 248 247 273
217 248 240 273
215 248 238 272
528 316 551 338
212 247 235 272
209 247 233 271
216 244 242 270
225 243 251 269
235 241 260 267
237 241 262 266
230 239 256 265
227 238 252 263
226 238 250 262
230 236 257 263
241 235 268 261
251 234 277 260
255 234 280 259
249 233 275 259
245 232 270 256
244 231 269 256
242 230 267 255
240 230 265 255
237 229 262 254
236 229 260 253
234 228 259 253
232 227 257 252
231 226 255 252
229 225 253 250
227 225 251 249
226 224 250 249
224 224 249 248
224 225 248 247
223 224 246 247
221 224 244 247
219 224 244 248
219 223 243 247
217 222 242 246
217 221 241 246
215 222 240 246
215 221 239 245
214 221 238 245
214 221 238 245
213 221 237 245
213 221 237 245
212 222 236 245
211 221 236 245
211 221 235 245
219 220 245 245
231 219 257 244
242 219 268 244
247 219 272 243
243 218 268 243
239 218 264 243
240 218 265 242
240 218 265 242
239 217 264 241
239 217 264 241
239 216 263 240
238 216 262 240
237 216 261 239
237 215 261 239
237 215 261 239
238 214 265 239
251 213 276 238
262 213 288 239
271 213 298 239
276 213 301 238
270 212 297 238
268 213 293 238
536 255 554 273
269 213 293 238
269 213 293 237
268 213 292 237
632 234 640 253
268 213 292 237
267 213 291 237
267 212 292 237
267 212 291 236
267 212 291 236
266 212 291 236
266 212 290 236
265 212 290 237
265 212 290 237
265 212 289 237
265 211 292 237
279 212 305 237
289 211 315 237
289 212 314 237
284 212 308 236
283 212 307 237
284 213 308 237
284 212 308 237
283 213 307 237
283 213 307 237
283 213 308 237
283 213 307 237
0 240 11 262
283 213 307 238
283 214 307 238
283 214 307 238
282 214 306 238
282 214 306 238
282 214 306 238
281 215 305 239
281 215 305 239
281 215 305 239
280 215 305 239
281 215 305 239
280 215 305 239
280 215 304 240
280 216 304 240
280 216 304 240
279 216 303 241
279 216 303 240
280 216 303 240
280 216 303 241
279 216 303 241
279 216 303 241
279 216 303 240
278 210 303 236
278 206 303 231
278 204 303 229
279 204 304 229
279 205 302 229
278 205 303 230
279 206 302 230
278 206 302 231
278 208 302 231
278 208 302 232
278 208 302 232
278 206 302 231
277 203 301 227
277 196 302 222
277 193 303 218
277 193 303 218
277 194 302 219
277 195 302 220
277 196 302 221
563 364 586 387
277 197 302 221
277 197 302 221
277 193 302 218
276 189 300 213
277 187 300 210
277 188 300 211
277 189 300 212
277 190 300 213
277 190 301 214
277 188 300 212
276 185 299 207
276 181 299 204
277 181 300 204
276 182 300 205
276 184 299 206
276 185 299 207
277 185 298 205
277 180 299 202
277 177 299 199
277 176 299 198
277 177 299 198
275 176 299 200
277 178 299 201
277 177 299 199
277 172 298 196
277 166 299 189
277 161 298 183
277 155 299 177
276 150 298 172
277 145 298 166
277 139 298 161
276 135 298 157
276 136 298 158
242 278 259 294
276 137 298 159
277 138 297 159
277 139 297 160
276 139 297 160
276 139 298 161
276 139 298 161
276 139 298 161
276 139 298 162
276 139 298 162
276 139 299 162
276 139 299 162
276 139 299 162
275 139 298 163
275 139 298 163
